20
1000
22020201221002202121
21211212201220201200
11100120011222101111
00020102211122001102
20111020222201200011
20010210022220212000
10101221200202010102
20111001001112021220
11120121010201120200
02001001010112120021
02002101022120001102
10000002112020022200
11102000110002100102
01100211001112020111
12112110210002102221
12011020112202102010
00002102000212102222
00022212022010200112
12111110221120011022
21000120221212020211
01120110202111121012
21002210011122021212
20111121200100222112
11101021100220222201
11112222111112120011
11021121211001021201
12012201012012122001
12120002201010002222
00120101111110102220
10212211022021220022
20101202202222121202
01100011220122010001
10101012121011022120
10211220020210210011
11000002212201210112
20220200022101012111
02200022121211011200
10001000121210202202
22012012010011002220
00222101120012022000
22012122020120221202
20210021110000201101
01211220210102001120
20012111210001221210
20020120000201201022
10022111111012101102
11002111111222011100
10210001112110211222
01110220211101210220
00210012001102120121
22112202100212202102
20121020011001102011
00110211221121201121
01212000212021111212
12001122200021200020
02111220012022220210
21002211100011211021
12211210200010220021
20202221200120201011
11120002020100221222
22112200100012021021
00222111022101020200
22211000220001100121
01201010102101020122
02222220021111120110
22010212100121002222
01122020012110202102
00201101102011011012
00111000200022002120
11122210012100202112
11020012021010111220
00121002202002120022
10002120110120222122
12211011221200211021
22012022110010001102
01012201121122110000
12022220011102121202
21200121222110220022
21110021101022222120
00212011012000102021
11112221011201222221
10202012211200120112
11121200210010121002
11000201122221100100
12110100221220221012
02022210002222001101
21202002011211221011
22010222122001020201
01221021100110012022
20011120102220100212
22222210110011110022
11000220221210022122
11101121001010220121
00220102120012112022
11212222012001222211
12001021221220010010
21220101012220012100
21202022201110110222
00121001210002210210
01120111102121201012
22021001120000220001
02011002110222011210
02011001201110122201
21201021212211220110
10002000000100101020
22210212022201012011
21122221211120100222
12022211112100010000
21201201220211200122
12120222001121010202
11221100210100022111
10221020122211112202
02220120112021002120
12021000112210002001
22011222020021111121
20121111020201101022
20221222121021122120
11010220022002210210
22000220022220022202
11102001000121211020
21200120102201100112
02212100021201021020
12102220121010011010
22110120001121020212
00021120121210201002
20000021222212001200
02012001020102120002
01220021102102002111
11210201122011112001
21112000212112012110
12101120001122200212
22100201200021001211
00010101201202121111
21002200112022102112
11012021021222121012
21220120112102202212
20002112102112222010
11011202101002101202
10000011222211202002
10020110000212212102
22012021201012012110
10212110212102110121
01101000122120100002
10220202202100122010
00102200010120022012
11002002102200000020
12210020120102002011
20211222120201020100
01220012202211222100
00201201211120202011
20210212220120112102
02010010210002221011
10120102211011120021
11210101110201110201
20110012021200020122
20120111110101210022
12222101001221212220
10012110101212012011
00020100100000222010
10201202212102212210
22020111121012001100
01122210001101200212
01101000200011202201
20100120100011000001
11210010101001011210
20102122111021221212
22212010020010222121
00012120020122010210
11002122212201001012
01020200101101120102
10110001212000122221
10220122012001112201
21001120010221201122
10202120221121021212
20000221110121211222
02112220010100202020
01222201121001200222
21121121210012010012
10220021111222100020
22221012120220120120
10100200100110212202
20012111011101012222
22011000110002122211
20221002122211002121
11112020202202112010
11012201102012100211
12010100100010212212
20211211022112200022
12211200222112021220
12122012012101122102
12001022010200202101
01101221202122102121
11222220221002112112
11200001222121111102
10012110011120011002
11001210201000101100
01212111100120000201
12222000110102112221
01012122010220212111
21010122121201112110
22111011011101010002
00212220200121212211
20120022221021021121
11020120020022020001
02022110101120111020
00120101210010111110
20000000100100202200
11012212210011202020
10001202220102111221
20002122012212011200
20201210121021222011
12200100122220202001
02112100200101210210
12211220221102102020
22110012022011102121
02110000120000011101
22012111221020022011
01221220212112200101
11200000201220211201
22200102112012121021
01000201212110220122
10101110222102211012
01020201011011121201
21001110110201000021
10210102112012120022
21100112102012112222
01020000102202201201
20121112001211202022
00022010122010222021
11102210020111111012
00202012000200122211
22100210122021220202
20022201102111121110
02120112222100210222
11212012112011221010
02201122111122221110
22201002111101212201
12011201201020012200
00202210011101102000
12001121122022000002
21210221212121112210
10002221010202000001
01001010002202210010
11101111222021112200
01222000021020010122
02122010112121021112
21202000211111212110
01022212221120020121
00010022221020021211
20210111222220102220
12220110200022111211
20211002002112122220
01101010011210222110
01211212020212001121
00112101100002111222
10201110002021010010
21012100020000100202
10021102200012000201
21200122210021201001
02221011012011221120
21111122120201222120
12010112220002211121
00000012002220211200
01021202222010120011
01121002200101211001
21120210212111211112
01201122010101012221
21202202120122221112
00012221211210221200
20020101012110210122
12212012101212011102
12100011220110220222
02112022001212211120
10102001011022110012
02112110002201102001
02212002000022110000
02211220101020000020
21222021200222210012
00222211120101202222
22221101122022210221
22221021112120102011
10012221220012111122
10100111000001111222
12002022122202201001
02112211012222102202
22212011000220000012
12000002010002220212
02110212222101111122
00220121010222020200
22000201210111012022
10210121000102022002
01020201201022212220
12220220121011020110
12000020101221022002
10012222110210102020
12001212220202221221
00022122102000021122
22002212100112001012
12210100221022010112
00202021000202011121
21211201020211201122
01002020012121222112
10200201022211111000
10102020122202122200
20121221111110101000
22000202200200000102
02011102121101111011
02000211120021211210
10010020210012022202
00120121111012210010
01220001121111100201
20201112011212001100
20200212002020220222
01202101021122011222
21120210200220001120
11012202100202022211
22211110001201010021
00210002201120110210
02220020212202202112
11011021101211000010
01022122222020201122
21101201102201001100
21200111202122120021
02022222002101201100
01100212000001121122
00022111020212001221
01102101102122210020
20022111100220100021
20212102010211210220
20220211121111110110
01021211201002110200
11010211111211221002
02221020021012122021
11000200112111102011
20212112021112101112
00221012121021221200
12222201121000001000
12210000122000121112
02000210111020012002
12002021020101202212
02211101222001201102
01122020211020100010
22120022212202212101
00201221012012222010
01101210111210011212
20200120102110001110
02211210021120121220
21010011122111021000
20000110200201210121
20211120011011010212
01222021211121112220
00021121010200112121
21112202001000201011
22021101221001220212
11100221021102022110
12102112121022120220
20102001220112220200
12211221201201111120
01102112121222201000
22111010010011102001
00120100211202120001
20021222221212010011
10221111222210012200
21000201210020010000
10120022212210210010
10112212120112211211
12211022112001212220
22221002122000120121
10202002002120102011
01010111001101122112
02022121011000101021
00120012020211220120
01121200022022211211
11121100212201011112
11111022222120222111
12000000112011002222
10020000200211110221
00120120011202111022
11102100101221112101
10222201012121021202
20120112120120022022
11202012011020002102
12111011211022022012
02211020221022021111
20222112022021012010
22000110000020220122
00011200221121222102
21202211111000010021
12111101122200022012
20002020022202222200
02111002122211121202
12200101222001010100
22121012110221202012
10110210111110122011
22110100200122120020
12200110211022101111
11002201222110102122
11122021111102020112
22010202110222001001
11020122200220000122
20122021011011111210
22102212102002001102
20210002002120021010
02022102021220120020
21111002200001222211
12011012021100221120
11122211101112000020
02002211001100111102
21222200202012021102
20110021220221120101
20101210022122012201
22002020122021212022
00201020012121200211
10222211012202221020
02020002100000101002
21202000011112201012
01111110210021021222
22122202210211012210
22211212121102022100
22222000102212122001
20020111102210122020
02220021100212202100
22121012200212100200
21002120112011101022
12221210210122121201
22211122222100212120
10111012002100021212
01002021202010011021
21211121211011201022
10011202111110211211
12211222022121210112
11022110212222020211
10110102011212221222
10122222021122002222
22120110100011102002
12202020021011022112
11000101111220022122
21112102121110210021
01011200222001210210
10202202010200010010
22211120110100122000
21211000122022202100
01120100120020211202
01202122210200200021
00210002210011010220
12121112112221221102
20021121211121210120
01212212110102121200
02012002221020212202
12101102202021220210
22122011122001101000
22210122102102210211
21012101001211201122
02010210220211021022
20122201212121002212
22202000112202100010
11220102201201220121
01211121011121120200
12221000001010100011
12212222121121101000
11221200002222210000
11010021122011212100
10011221001120111111
21020222211210011020
10220002122110112121
20122001011002110022
20010121020121101100
00001021200002121221
22011200012220121101
01022000002200020120
22202011212100021012
20212022021021112121
01101100211212201001
21100001001010220001
12102202111200020202
22200101022100002212
01121021202221210200
10112220112011110101
21022210220212211010
00101112112002102121
21200020220212110000
10000201002122212002
12002021111122020121
12212000112020221102
11111210202112000201
20001011021000000212
12102220002110100220
12102110111012002002
00020122002120000111
01222020122221201211
20021112002112121000
11000000000000122222
10121222201100212102
20220122211220101202
20201002122100101011
11121000220012020202
00201201021011001110
02020122011221110220
10202212120222110000
10020202011112220210
01211201000022010011
11121010212122020122
11211021000210000120
12010020100102111211
01012020101120022001
11220010111201101222
10221101202122000012
00022011210220212021
10012002210212000200
22002211020110121002
21022210111122210021
01020212011121221111
21222202211111200021
01122000121202202221
21000212000202020002
10100102221211021000
11010022012101110112
11010200001121200220
02020011202210212101
22111212001021000102
01001012211122200101
02201020020022101011
21100001020112010100
01101110101200221122
12001100221010010112
20112001121202022221
21211020210200020221
11022202201201020000
01020201010201011110
11120212102211122012
22101102002000022121
22111102000000211102
01220122211010201111
00021100101011002111
01001210212210221100
12101122101122010202
02212222222210110111
11222211221101112010
22012112020200201202
02111202211020120012
20101010001102210010
11120010101020012112
01112021002012021211
22222221002000200122
01110110111000220011
20000221212200210001
21211120200020022220
02100000101202011212
00120100020102022222
21102012210022002122
22200220020011100110
21002000022210022101
01110122210201201010
02011110010010221020
21210101221200201111
21011020010220122020
01212101202012220110
12022022122011210112
00101201122021221111
00221010200122000201
21022201100220020120
12212201100001100221
01111111210112011010
21022111102012102100
02102201112002120120
22021221212012202110
22210021112221012200
02210001211021211011
00100211122202121012
00012000100020122212
10121002202202011220
21122222102100102222
00011111120020200200
11110020012012120020
01111211200101011121
01220212101021012001
12201012002120101010
20212210020022211221
20120020200211101101
10001100101221011202
11110012212110021201
02101011201022022202
11011012102221110200
10100200210111001221
01022220211201022012
00110001120002112010
22001102010222121001
10022122222021020211
22110002210211210022
21121101211201001120
02012200220022102010
20122202212122101211
02101202012200212101
22220202000221212112
11211212102120120220
12202201111102012102
10012210210002120120
11112002011012111110
11221020100200012212
10110022220200002001
21010221101221112102
22221212012221210222
12110111010010221001
20202222002222111020
12001211200120021111
11120120201222012011
22222011221201221022
00201011201221021120
22020211022210220100
21222112120120001022
00002220010210202012
10002020022002201201
22001222121120201111
12111011221112201010
20120201221121110202
10021021002102210002
22110222102100010021
01022010101010122122
22122101022122120201
02222120120220120222
10020010101100021212
02210200211210101020
02212100222222000201
00201120002212002100
22010012011201001101
02000002022120121210
02121202111101022202
01221101202111022202
00021202111020201200
01101121020112100222
10122101200100020011
01212002201202201202
21110100101112002000
02220200000101210111
00212010220221022211
20001011112220211211
21220012001000002110
01210221110210201201
12210021122002202010
20110102120121011002
00201011201001110222
00012000121002202212
12211021000221002220
02020020021220201111
22212212110201120121
10001111222101201022
21021020012221010022
02210102020100200211
22101210112201101110
10201110122200201100
01012202001122222102
00112110012011211012
22210121120212212002
21202102022120200010
11001221202020102012
11011121110002212201
12000121202210101000
12111010122222220022
02222100121212012202
22211002001110101110
10102211120121010012
22102202201001020210
10120002021010211112
20220100021002020100
12121022002121210011
20001021121000120021
22022211021210120101
22011121112100010002
12000220112002202000
21211022120201020022
20120120011001220222
21001112201100102221
11001100102211101110
20120222201021210010
22100120122100201222
21210221011011200202
01111122100111011112
00000222211121212212
20011021102112002021
22210120001122101001
02011200001002220101
22211210101011110010
00210021110111100010
10202100022100120201
21110011200121212102
20122010111122101022
01001211212121102011
21210212022001100011
01121200101100022100
10210020212111012202
02122102000020120101
11201001120120221110
00001120101111002210
02201012101201202122
11200221200201012001
00122001221122000202
11100200100210112022
11110011201022200211
12010120200112222120
01112011000210220220
20202211101020101100
00221002102001022111
20012211101220202010
12202001210220001211
12012221210000211202
12210102022202212111
20010102220211120112
12011110120102210121
12211011021120200010
12212211011122221201
12210201012020000121
20210002001011021101
02100211110021111120
02210222121222110200
11111102212000201100
02111121222221220220
10011120121211202201
21100100211112202100
01112121022010000122
00102012120012001000
22111022200000110110
02221222001002002010
02002212001202011100
01210221201212111220
00002001202021210012
01101021111210001121
02212221122201212020
20020122220021111201
10220120011101210101
21000022212122210222
11101021112202102002
12001210121011212110
01212202211001001121
22212202112221102022
12111021121211110112
12101020201220101102
11221212202010011010
00010121021021201012
22220000210012122020
12001210121102121110
02020001122220110122
11112100200220201102
02201111100002112212
10111022101210101112
01012102111011120200
22220212112100000122
22212201201000121121
11122211002210100210
21201000210001202022
00212022001001210200
10110112110000112010
21100200012102222011
22222201101010122120
00020211022020000002
20121121010122120210
21201222220112110001
21020211111022002020
00202010200220022111
01210211022021000220
00221212212022201110
00121021012102022122
10121001011200110001
12202220212012200112
10011202220112221010
22222101010010220202
20102200222222210021
10122112101202111221
00112010120011110212
00010222201120022211
02102210012010111010
00121221111102100220
22022120100001122100
00121201121201202002
00110021022020101122
10211202201111122121
11121020102220110200
12111221021200211221
20011210202202210200
02120012221021001100
12110202210101222112
01200012212021221010
10112121211010021221
12202010012222022120
20210012210022021122
00010020121222100222
22122222022220022002
00201111010202002201
01011220020120102112
02102022012202001122
20211201121222021020
10120202210001201122
01020002010002200112
22201002210200121210
21001121211221020220
12202002121201100210
10000100000022010222
20000022121012011102
12222100201202000110
12200120000212112211
20212111120221210010
00020000110022002201
21210201112211111110
21010220002202120111
12210101201011220110
11012020120222020122
10201011120212012020
22212212121112000212
22120211002202021201
10001201020000102121
21222020212011210112
00020111011001221220
20211001201101110200
12000211200121020212
11011210112111212201
22121022001221202010
20211201001120122101
01011200201212201000
10122202211221020020
21020021010102212121
12112112220020000020
22211220222022102002
20020110222020020120
00212200200122100020
12100011222011022110
20221211110011012111
11112100011121010111
10011021001002002122
21220222012000211101
20001010020112201111
21111111220221102202
12220122100012012212
10011201021020100012
22000122001121101011
22120100111010021221
00210101100100211102
01100001220220110110
11012122221201222222
11012011221112021200
21200002212022110120
22221000101110101211
11010022102221000200
01221011222020002120
00021112212212121210
20122110001212010102
01211112100112112100
20020001010020102012
10211022120012122112
20211002101020002222
21100220022101102221
12222011202110002101
22122201121000211100
01002202212011122012
22012012121102221112
10100220200012220110
02001112222021120122
22122112200020012220
12212210121212202212
20222222112000000000
20222211022021202100
10212211210011120110
22012210002120222120
11002121221111001202
12222011211112120100
11021210212001011202
22021121022212001111
22012020021211110212
22112200221121222120
12112022210112111212
00211210110122200112
00111202100222121112
22110201002112210012
21011120022010122020
00010220002000120012
11122112122102111011
20220220122110101101
10101121201010121101
11011012222010210211
10221102210221220222
11001112122020012200
12210012222201220210
02101101012010210121
01220010101021201211
12212000212020102020
21000120211120101202
02210211201221122211
01202011202221201100
11001012022221010102
02221000101102120211
01112001002001120021
22210011110012101022
00002200101222120020
10101220012111102220
12112120000202011021
01020221021122200221
02201002201100200112
12001221210010101122
10210120200201101200
12112022020122120012
12111012221220210011
12220001200022221010
01220020111000111001
02000101122121010200
21120011000001202010
12021210110120020212
11200012021101120000
20011101001120201002
21010111120112210101
12110210202020012120
10121002222120100210
02201001220121222200
12100002222100111020
20110021100010210010
02201202011022210212
01011022212111010112
12002220001000120001
00221100012010202202
11221202012121222201
00111021100022022110
10101000012112011222
02111202110020110201
10100020220111211010
11200201012101012001
21002220220020222102
21210211222001100002
12000102122221102122
00201212100212210102
02211121000201212000
10112020120112211011
21201122100012121122
02121200100212210110
22112121020200020012
02210102001021201021
10002011111220222120
21221121011211011210
21202201221122212011
21022012020220100201
11000020010100222201
11222011201112210110
10011211110121121022
21212120111011210220
22211000001122222211
01100210102010222012
12122000020221122112
10212000010000121200
01112012101010002002
02100000222120102202
22212112112121101111
20100102020220201021
10122120022010021212
01101220101011002101
10011011011201100222
01010211210202221110
12222001012212202202
00101020110220021110
00220202111200102221
00210020001001021020
00110202112011111011
00211201012212200220
20122212022210101102
12001010012122012210
20122001012212012202
22202022020110110201
01221111020202100120
10000011212121110102
20200112120120000100
10002200112220220122
12010112022022112021
02111220212010102011
21121011111011021220
00120110112002000012
11012012122121210120
01011021120220012011
10011110100111000101
02221111210121002001
00011001121012200010
21121200001002200112
11211212111022100012
11101221100222202021
11120201222100002202
02221221100122210222
20201120020200211022
20102120022002101021
22202000200011020222
21002120112012121011
01000210202221221021
00122010012110021120
01110202122222110022
02110020110220221110
12000012020022112001
22120022011121121100
10100101121100100110
10101111121200122112
10211111202000202020
22011110101001111020
01220221010200211101
11211210011220221001
00011001220001221012
10020111021200012022
10000211222100112201
11111201200212210011
