15
1000
201112012121201
002120122212120
101022112022100
210002120010002
102000010202000
120201202101010
220212121112010
012121112000221
021201110120110
111121102111112
112010220202221
222121021020201
021211222012012
222200211201111
220010011112111
002202200010100
111120211202101
210111022000102
000110221021010
200121011121211
210211101110120
012221112212210
012022212202022
001222221110212
211000012000112
121011220000120
120111202112001
122010120011212
101021012122121
202112222212200
200121202220220
011112200122121
012200112101111
120202222110112
021102112000001
122222221122200
110202111120002
100112211001212
221010012000102
011020012101110
112120200212022
122022102010220
201111000120000
122210121122120
201021001102221
001101021221001
010102100212111
012100201021102
222022221222202
010112021102200
000012112211010
221010111010111
202112212010220
021100220200210
012002200021000
111022010212021
012100202211111
002001010122100
211100022020211
200122120221121
210121000000021
010101221021211
022111022211100
010111022222020
102112102200101
112200012111011
011121220000111
202202202221111
221220101021222
200220200000010
111211212010201
110012021111120
120211221010112
002001002112010
121210021012201
202111200220221
020002112200100
101021112100111
202100121202120
021002202111111
122202020122001
100010000221020
021200221002110
021001220111021
200111000210121
222200011012022
222022221212001
102102212010001
212020002210202
020011122000110
201211021011212
102022201212121
210012001220211
210002220202012
122210120202222
110121210121011
022021200011110
211211000110021
121000022112002
202221221120101
101022101220000
121002210210012
201100120222021
002212021012120
010111000101201
210212210022202
002200211112221
122220001001111
010022001101012
110110121100012
022202220012000
122010101111112
021021100202212
000201120122102
211102120110022
110102201100122
222000021002010
012020210021010
120211122200002
010022002010122
222220002002202
201120002120011
211012111121101
022210120222100
010111211101210
011221112111102
022101202001221
222010000112011
000111011021121
011220012221001
012111002001211
021202212102120
010201002001112
111000121012002
122200110112100
121101220120021
010220011110021
121012110122211
221021022101122
011022011020001
200201011011101
122120120022022
122000101001102
100212100010222
110020100111210
110211022122222
202210120222021
000202112012212
012001120201001
102012022002100
101222201000111
020001210210002
211001211111121
000212200100202
111221101221120
110222010221100
012200102010022
121201020201021
212110200201022
010020100021211
121022212020021
101210111200222
211002022001110
222002221022222
102101011002220
002021102012200
002001211100010
000001012210012
202022210000011
222220202221100
222011212111210
220101002002101
111010012112020
020211010201102
002210001210020
001212220201100
021201220022201
202122110201222
220200000120012
020111022212100
020122201110002
111202212121021
110102110120112
122022121102121
010022222122002
221002002002102
112201222110111
112121212110202
201000221210012
010012221002201
101201101110111
002201211210000
122121010100022
122012112221001
102211021020221
010201112010221
012120212221111
012020202010011
011011012212001
201100010201012
011020122210101
022222002102100
201011211010100
000212122021020
110210111012122
011001202021001
110022222111201
010220121001202
000110221022100
201100202020010
122220121111011
021222100101001
102122100122211
220102122102221
110100212021210
022212212200121
112110202121120
002100110002022
200020022122122
211020222222002
111210012202021
011111100010012
010101212110210
111021001222100
200120012201220
212110200020021
101010222202012
002202202001001
011000111002121
122210221112020
101021210000010
222202121012011
002000221101212
121220201220022
010222102022112
010110012211100
211100121211221
011011210202100
210101010000221
022100100021012
120201210210212
120202102120010
020220112112012
121012012100202
221212220022121
020102102012122
212100110101222
010022120022001
011010000000000
010121111210001
210101221010120
212210012011012
100111201101012
110001122200022
202120212122112
210122010222100
202201011002210
212122002220110
101022201002220
000112201222022
122020212120001
111221100021122
221010021112200
011110220020121
011100011110222
011002202200100
110201011010211
222220202111000
222001000202221
221212220102112
020020200021201
002122222210200
212020112020121
220201201122210
110221111201020
012000021021121
122120200000001
202110200110202
021022112001010
202120012200202
000121201212202
000012200022121
112110000112021
102010121100212
100222211222010
112100220111002
002101212102000
122221001201021
221002100120220
210122012211210
211101122012220
202110200102012
000001010222020
121222102012002
102002002222102
100102220011110
112202000020200
112201222202222
120022110001222
200202022001010
100012011220112
110222120000210
211201111101101
100100211121221
102022220011202
002000001201120
010201001020122
211011002000000
201000120020011
100220111120121
201211120200222
220100212011122
102212121120222
210102100122101
001110112122120
100110212021001
122001022200010
220022100012011
200201221101101
111201202221021
200120001211001
110122001022020
112102221011011
101122220120122
120011201101011
011120220012121
222122000120122
000200201000201
022110202112102
112011102021121
012220022000210
101122202202200
210201110010202
121001122000112
001120211202011
001221212122210
122210112020021
010021120101100
120000122110002
002020022021021
012202020101120
012112010101120
212120202220002
020200220112122
111122022100120
200102020221111
212200001202120
210102002201221
210102011210220
212122110102221
020100021002110
102011022101100
022122102010221
121111200120000
222222000010101
212101000002111
120100211111001
121011210100201
120120002101100
201121221210002
112122201110011
102222010002020
021120111222112
220201120201121
210021021210211
011120021221212
102121002001201
220102120201010
001212121011212
221011200200002
112011102222100
202022122120021
101000222100210
001211202002222
102102001122011
100200111001012
111212101212112
220110100112102
122011201220012
100221020010110
020102210012101
211121220222212
222122021012012
121200201110021
112200202012122
220211212201212
101021021202101
210120022122110
020021002021012
221102110222012
101000122102010
120102010122121
020221111210021
221000220211012
102212111022122
102021111012211
110210202211012
002220002220221
011220101012210
122101210200220
201022100120002
120021011210220
202020222220122
201021022010000
001201202212122
212020111012021
102120202120221
120000200001202
110122001210212
220201122102200
102000022110001
202122222010121
022121100101211
120020111221202
222101122122101
111202020122001
102221010021000
221202122221121
021022221111020
101001022222112
020000202221122
210202202101120
100122110121221
010100020011210
210210021210210
212210002011012
011112121010212
012221200010121
222012222121110
110200002120022
210000122012200
110211211120011
111021210210022
200111221101202
110120110010200
012100000200012
021110111011020
100202011022111
021022121101121
110220102211020
000212110110002
102012102001101
221202200002202
201221022002201
000210002111101
120010120222121
112100011022202
211120122112202
122122201122120
002221212110001
122220002220100
102202122221211
112102111101110
102001001101102
012010000102012
211012112200000
210122111102211
100201110220210
012020120101200
100101101102122
212101122201212
022002110010121
102021221010200
100221001110121
102022002202020
211211012001120
100021121020201
011000202012111
021102001202210
110121000122022
200120221210000
210221100102111
111210102212000
112212112202212
202211002021212
002212001001121
202010112010211
202010012002220
211211100020210
011010222102111
201220022001121
210211202221212
102100012001021
202202022220202
200101100200002
112001221120010
001220020002201
000120002011001
120020001211002
212011021020012
122011220221211
011222121200121
220002000122002
202021000221100
210102110210001
021220100022200
202000100111010
110212000010120
222000001222202
011112101220121
121222022210012
001210102101111
020012200011211
211121210020110
101022021022121
220111110122001
220121010222122
012022000120111
221011121121111
121022221011000
000110101021020
222211011220110
200210221121021
200012011011012
212200000211010
211112122221122
122122100220220
002222000101001
010100111020220
000212201000121
220201221121001
110221021012121
102220212101011
222211212102012
012222211000120
212112201201111
101222221011222
210212012101022
200201020101102
021201000221222
201200012020000
021120102202120
100022220122222
120021020110222
201011222111011
000111020202021
021212111021220
000001022021222
210121010000022
210221200121210
121100020012220
020021022011210
122212221200222
021012121200000
202212121112202
201202121011022
021220222210022
002100012021021
020101201212111
011212100021222
202020211012020
020122011211210
020200012001212
000101022200011
200121221001011
012121221221011
020022111222210
211001120001001
222122012002200
120212210012200
222100020201020
210210221121212
012021122110110
121010020221021
111101001011112
001022011102222
001220121220022
121022222001001
110110110211112
002020121210120
000112200000120
211222111100211
111111112001221
100201002121122
120020111212002
011021012002022
010110122002120
020221020222211
202110212220220
100202202001011
221212201001212
202022101001220
112001200221010
221012110002111
212210111100212
102012020222010
210122112010201
222010000112002
000100110112121
220101000211012
220010120002010
002212122122121
212200110212120
000222120100111
002212000022012
121020010220201
000100120211112
212222112021222
111112010111012
202211211101101
010100202202111
222211001210200
111001220120002
012012022120222
021120021110121
002012122112102
111112111002002
122201220200201
201111200110001
002020220101012
211220022120011
000220221200002
122121200200012
201122200210120
212020111001220
001002211210220
120120010210201
110122221120122
012210200221120
222010212122122
221212102211002
100021011200100
022121112211021
122110121210211
100020220220120
011222202220120
102111011020202
012020122222212
111101112010200
012202011110222
200202200112101
122101102022212
001001001101212
100222010222222
221000002202012
102011011212010
212122021202011
020201110102100
022222120211202
200000211221012
211011101111222
000101020020012
120022120120000
011210201222102
220222020020210
100102211221022
011222111112112
122121201112200
221000010210221
011222022002012
022220112220222
121102101222210
210110002100111
001002211222221
122011100102211
202212011220101
212011110012202
001102212012010
100022000112212
121200021012200
011001101210121
111110222110110
001002122211010
220001111100222
201211000102002
102211221022212
101112012102102
002001022102121
220020001122110
212202101201200
101021010221002
012101120100212
020210100011020
111200221012200
112110211020011
221211122001200
121120100100110
020112122010002
201201120120000
202000101211100
121201012111022
210122100001112
111220100010011
021211212121202
112221112200020
212201110011200
111102112110011
002010020000011
221011100112212
121021110021120
002211012210000
122221210212200
220111001120201
202022010120112
011212222000210
201201200021021
012221210102010
020122221000112
022011020102210
020201011000222
211100112100122
110021001100112
112100100120122
201121021001120
220022120122121
100002110011211
011211210211222
000211221102021
221102010222222
002112000202200
222102100220010
222011111020002
112020012010010
122001201202212
112102200102012
000222101202121
012000102202110
221000222010021
012021221101000
001021200011220
010010222211201
010221200101001
001101001000110
201102010000100
021110110211022
101220000110021
021110111222022
112220110110212
002210211010101
201110212000002
202112110222020
211021220200212
012211202121101
200010021112010
002102121110012
222001200001012
212210000100000
122022121022121
222210012112001
110010101220211
111120202110012
201011012001212
002110202002200
122120110221212
220002201100012
020200212001110
222001210211021
001001020010120
211111221022122
020022211001210
011210100022022
021120221021211
110122220120021
100012212211011
021100011222120
210122220121200
220220111000211
100002022201101
222012102011212
102100220112020
021012022022220
012201021220212
100112101210222
022101211021222
122120111201101
012002202020010
101000220022110
220211002010111
222201001200002
022001120202120
100200011211210
201122121020110
222122202002211
011211012210012
002122012112001
101101001000121
121112202110211
221221021001210
110012112011102
210010022000202
010010100101210
101111211102021
120021201210011
022001220011202
021222110001020
000110010021112
210221221001112
010212201211210
221220102122011
221022002222001
001220112012210
112001000012120
202010202212222
022220201200012
211202221220010
100200121120122
022122211111102
111212000010002
122211122102001
201121120112221
210111122200112
201200010102202
112220222222211
020010202112201
002122122120210
002001011101001
200020101202012
220002001112110
112010122112002
202221011010001
210222200202101
121020012211012
002002111201101
010020110221121
220000222022021
210010110010101
111022202111220
022022122101002
012110011112222
202210212010102
120212002201200
121110120111022
021222021212020
112101120012001
200111101010021
102001212110000
120021121212121
211210001111012
011212012211200
200110001111201
202210001221222
221011111110210
011111022110212
112222021122200
220102022202212
211110102022010
202102102000001
021202120112002
111202010100212
222220121022112
112021001021001
122220100101111
020201110110100
121002222211010
120001112012010
112000210120220
212202112021222
200000122021011
021210110010201
010021012010101
011202100112100
020022210011021
022012120011012
002112222101112
211211001101001
120120111121001
121022222022121
201012021222221
010012212011211
021210112102002
110111011012210
000022021022222
121110120210120
202002220022001
200112102021111
200111101220010
121222112202010
102202222222111
112121100211021
101010121210020
000221122120112
111010000202220
010010010001110
010021200022011
010121112110120
100012212200120
112120102111210
022001102211101
011021120100021
021100120202021
121001101200112
210211112202221
101222120212121
101222201122210
122211000200221
001200221222120
012222212001121
101212000020122
101002211122120
202212000012102
201210110100200
010220121002112
112021010202001
102210011002201
110222110122000
010022010121101
102000022002111
100010222110022
222022001021020
021112020012121
120020120221101
100012011201122
212102201012100
200012211221121
020110022002022
202020011102110
120100212212011
020210002001001
121200222202012
002212122012222
202012220200111
010022122120020
121011021011010
022122011020020
121122200122121
112001201022211
022002021022101
110020012102012
120110201212200
221020112211001
100101010100102
112210100010121
110121120010122
200022102100112
202101102201012
220122122022021
222111010101102
122001020021211
101000101201000
021100010102120
212122211121211
012020221012012
122222220011022
210212222201122
012000120221021
210120102222110
022100202010022
120222011100211
012002212022122
100111002210222
022020210111110
120212212122002
220010021202102
102101002201210
212101110201021
112111022211020
202200001021111
210100222012122
000021112211102
022111021211201
202212020112110
220021210110012
000010111110211
022121102021111
021211121210211
020020212201021
121110012012101
100012220112112
102221101002222
210002012110000
011200220220022
201122001212121
102102220201112
100101012100012
010202202211112
112012002122121
210012011001022
222012212210020
021101211020210
010011221200002
211110202122101
112002001121100
000210200110122
002212022112020
001200110111220
102120211022201
212220022010122
222111101221101
100002222220001
202011211022001
102010112020022
011022220022212
020022101101020
221010001101110
200112100120021
021020100000012
111000010111002
200000221022001
100022221002121
002101020121222
100211001020122
200100221002211
022210101220110
100221220111102
000102000000101
222001120100202
022111121021021
220021211010221
001121021202201
022011020021111
